24 0.457246 0.579268 0.00434783 0.0219512
24 0.844203 0.579268 0.00434783 0.0219512
30 0.92029 0.860976 0.0202899 0.0097561
12 0.112319 0.293902 0.015942 0.0317073
12 0.111594 0.259756 0.0144928 0.0317073
20 0.0746377 0.830488 0.00724638 0.0365854
20 0.0847826 0.862195 0.00724638 0.0365854
20 0.0753623 0.539024 0.00869565 0.0341463
20 0.0847826 0.570732 0.00724638 0.0341463
20 0.0847826 0.276829 0.00724638 0.0365854
1 0.0413043 0.27561 0.0333333 0.112195
20 0.0753623 0.245122 0.00869565 0.0365854
20 0.065942 0.269512 0.00724638 0.0365854
31 0.880435 0.863415 0.0101449 0.0487805
20 0.0666667 0.562195 0.00869565 0.0365854
20 0.065942 0.854878 0.00724638 0.0365854
1 0.0398551 0.863415 0.0333333 0.117073
1 0.0398551 0.570732 0.0333333 0.117073
