6 0.219565 0.863415 0.00724638 0.0390244
5 0.371015 0.264634 0.00869565 0.0365854
6 0.727536 0.257317 0.00869565 0.0414634
0 0.486232 0.885366 0.0101449 0.0146341
0 0.773188 0.592683 0.0101449 0.0146341
0 0.518116 0.884146 0.0101449 0.0170732
0 0.558696 0.3 0.0101449 0.0146341
5 0.291304 0.282927 0.00869565 0.0390244
5 0.52971 0.27561 0.00724638 0.0390244
6 0.250725 0.865854 0.00869565 0.0390244
0 0.591304 0.592683 0.00869565 0.0146341
5 0.466667 0.858537 0.00869565 0.0390244
5 0.281159 0.864634 0.00869565 0.0365854
0 0.776087 0.885366 0.0101449 0.0146341
0 0.519565 0.3 0.0101449 0.0146341
5 0.15942 0.865854 0.00869565 0.0390244
6 0.188406 0.865854 0.00869565 0.0390244
5 0.211594 0.282927 0.00869565 0.0390244
0 0.457246 0.885366 0.0101449 0.0146341
6 0.376087 0.857317 0.00724638 0.0414634
0 0.460145 0.3 0.0101449 0.0146341
0 0.698551 0.593902 0.00869565 0.0121951
0 0.699275 0.597561 0.0101449 0.0146341
6 0.647826 0.27561 0.00869565 0.0390244
0 0.832609 0.3 0.0101449 0.0146341
5 0.710145 0.565854 0.00869565 0.0390244
5 0.569565 0.27561 0.00869565 0.0390244
0 0.731884 0.891463 0.0115942 0.0170732
6 0.291304 0.281707 0.00869565 0.0414634
6 0.466667 0.857317 0.00869565 0.0414634
0 0.395652 0.891463 0.0115942 0.0170732
0 0.245652 0.587805 0.0101449 0.0146341
0 0.83913 0.895122 0.00869565 0.0146341
0 0.59058 0.597561 0.0101449 0.0146341
6 0.218116 0.558537 0.00724638 0.0390244
6 0.21087 0.281707 0.00724638 0.0414634
0 0.457246 0.890244 0.0101449 0.0146341
0 0.773188 0.598781 0.0101449 0.0170732
6 0.70942 0.565854 0.00724638 0.0390244
1 0.85 0.580488 0.0101449 0.0146341
5 0.624638 0.848781 0.00869565 0.0390244
6 0.405797 0.857317 0.00869565 0.0414634
5 0.250725 0.864634 0.00869565 0.0365854
0 0.202174 0.310976 0.0101449 0.0170732
0 0.554348 0.598781 0.0101449 0.0170732
0 0.426812 0.890244 0.0101449 0.0195122
5 0.217391 0.556098 0.00869565 0.0390244
0 0.398551 0.293902 0.0115942 0.0170732
6 0.250725 0.284146 0.00869565 0.0414634
0 0.662319 0.596341 0.0115942 0.0170732
0 0.15 0.896341 0.0101449 0.0170732
0 0.642029 0.879268 0.00869565 0.0121951
0 0.485507 0.891463 0.0115942 0.0170732
6 0.530435 0.27561 0.00869565 0.0390244
0 0.366667 0.891463 0.0115942 0.0170732
0 0.547826 0.87439 0.0115942 0.0170732
0 0.519565 0.306098 0.0101449 0.0170732
0 0.716667 0.289024 0.0101449 0.0170732
6 0.528261 0.858537 0.00724638 0.0390244
5 0.22029 0.867073 0.00869565 0.0414634
0 0.280435 0.587805 0.0101449 0.0146341
6 0.372464 0.263415 0.00869565 0.0390244
6 0.289855 0.554878 0.00869565 0.0414634
5 0.607246 0.27561 0.00869565 0.0390244
0 0.460145 0.306098 0.0101449 0.0170732
6 0.495652 0.858537 0.00869565 0.0390244
0 0.868841 0.30122 0.0101449 0.0170732
0 0.119565 0.896341 0.0101449 0.0170732
5 0.332609 0.281707 0.00724638 0.0365854
5 0.436232 0.857317 0.00869565 0.0414634
1 0.461594 0.580488 0.0101449 0.0146341
0 0.832609 0.306098 0.0101449 0.0170732
6 0.280435 0.863415 0.00724638 0.0390244
0 0.678261 0.289024 0.0115942 0.0170732
0 0.734783 0.597561 0.0115942 0.0146341
0 0.558696 0.306098 0.0101449 0.0170732
0 0.281159 0.310976 0.0115942 0.0170732
0 0.3 0.879268 0.0115942 0.0170732
0 0.671739 0.880488 0.0101449 0.0146341
0 0.596377 0.303659 0.0101449 0.0170732
0 0.118841 0.586585 0.0115942 0.0170732
5 0.714493 0.85 0.00869565 0.0414634
0 0.241304 0.310976 0.0101449 0.0170732
5 0.652899 0.848781 0.0101449 0.0390244
5 0.686957 0.258537 0.00869565 0.0390244
6 0.15942 0.865854 0.00869565 0.0390244
0 0.703623 0.878049 0.0101449 0.0146341
5 0.726812 0.258537 0.00724638 0.0390244
0 0.516667 0.891463 0.0101449 0.0170732
0 0.316667 0.586585 0.0101449 0.0170732
5 0.842754 0.273171 0.0101449 0.0390244
0 0.776087 0.293902 0.0101449 0.0170732
0 0.775362 0.891463 0.0115942 0.0170732
0 0.628261 0.596341 0.0101449 0.0170732
0 0.207246 0.586585 0.0115942 0.0170732
5 0.182609 0.554878 0.00869565 0.0365854
0 0.613043 0.879268 0.0115942 0.0170732
0 0.27029 0.896341 0.0101449 0.0170732
0 0.36087 0.293902 0.0115942 0.0170732
0 0.321739 0.310976 0.0115942 0.0170732
5 0.745652 0.565854 0.0101449 0.0390244
0 0.210145 0.896341 0.0115942 0.0170732
6 0.408696 0.263415 0.00869565 0.0390244
5 0.87971 0.276829 0.00869565 0.0365854
0 0.178261 0.896341 0.0115942 0.0170732
6 0.332609 0.281707 0.00724638 0.0414634
1 0.905797 0.312195 0.0115942 0.0146341
0 0.636957 0.306098 0.0101449 0.0170732
5 0.637681 0.565854 0.00869565 0.0390244
0 0.172464 0.586585 0.0115942 0.0170732
6 0.255072 0.554878 0.00869565 0.0414634
5 0.600725 0.567073 0.0101449 0.0365854
0 0.143478 0.310976 0.0115942 0.0170732
1 0.918841 0.587805 0.0115942 0.0146341
5 0.188406 0.865854 0.00869565 0.0390244
5 0.681884 0.85122 0.0101449 0.0390244
6 0.12971 0.867073 0.00724638 0.0414634
0 0.24058 0.896341 0.0115942 0.0170732
1 0.39058 0.571951 0.0130435 0.0170732
5 0.673188 0.565854 0.0101449 0.0390244
5 0.564493 0.564634 0.0101449 0.0365854
